# Samples passed filter: MIN=40, MAX=720
# Format: [Sample Name] [Original Length]
034771 164
035796 272
033451 433
036201 204
036706 207
033933 421
030315 272
034632 350
032679 325
036589 224
037400 471
036501 330
037553 350
032569 193
033229 212
034406 198
032601 56
035777 301
030825 211
031175 98
033947 236
031351 564
036434 403
034479 323
037129 58
030036 352
030062 270
035369 162
032544 244
037206 43
032666 194
030755 318
037949 146
033537 449
037519 385
034555 304
034999 371
030982 182
036893 122
031515 528
031540 437
034436 358
034780 167
037495 360
037702 96
030785 232
033365 101
031926 314
033533 449
037828 342
033546 217
036062 162
036141 40
037971 207
033844 183
034715 408
033029 395
031076 304
037858 52
031259 116
031702 272
033542 217
035716 268
031107 217
035080 385
030225 173
031612 355
031530 237
037380 127
031282 269
036041 42
030091 375
034158 323
032837 511
030902 140
037874 332
036500 112
032905 183
036342 460
030568 301
037552 350
033157 391
036048 42
033539 449
034916 283
034589 213
030931 100
032415 286
031335 130
031496 119
032334 266
037941 146
037511 385
031445 262
034852 148
036828 206
032023 182
036598 383
036091 180
035629 115
030011 439
030683 45
030892 258
032487 180
033588 294
033154 391
032493 326
037187 339
036055 129
032382 221
035657 66
033558 424
030450 41
034908 196
031176 98
032507 175
033511 408
036384 231
036529 159
032480 472
033333 149
030998 268
031117 143
037236 672
030103 185
034179 669
033473 472
030503 196
033079 330
030267 160
034343 168
030910 142
036185 112
034087 256
037496 360
033031 481
030368 52
037451 115
030715 298
031528 234
030501 196
031687 263
031413 102
034564 228
030293 115
036678 309
034788 378
036815 115
032749 228
037862 110
033904 238
035998 342
035673 324
036147 40
034440 363
031461 176
034863 323
036191 151
030114 340
037177 627
036399 433
036835 264
032455 97
033462 217
032659 331
034639 350
031352 564
036423 328
036717 419
032080 432
030690 45
030157 227
037670 418
035833 336
030541 257
036526 159
032027 182
032489 180
031383 200
035384 158
035631 145
036974 135
034948 250
035230 193
033671 384
030042 43
033713 378
033294 428
038029 127
037739 287
034515 340
033849 183
030520 345
034982 156
032314 528
030235 334
031122 228
037919 252
036347 460
035127 157
033217 414
035336 73
037264 165
035280 287
034008 194
030664 166
033088 42
036759 421
036744 297
033831 528
031317 468
034891 324
036924 236
037110 243
030883 171
035702 206
035096 146
036032 265
036774 340
035183 231
032589 174
032164 173
030169 132
032159 413
031730 48
036023 145
032343 161
035413 90
037411 367
036780 340
030405 189
033824 259
036543 143
037583 181
033895 111
036919 345
033008 47
034312 243
034444 50
032440 295
037146 238
030681 45
037968 423
031460 467
033002 47
033668 239
037098 328
034356 326
033816 112
031598 441
035682 191
032587 174
031187 286
032040 225
036072 176
034348 168
035939 375
035774 301
034475 323
036623 185
033799 374
033784 191
035308 125
032748 228
035952 544
033027 395
030272 295
033638 422
031894 123
037372 123
033043 209
036130 126
032197 259
030273 295
035031 364
037503 183
034627 202
034398 278
037016 298
032134 292
037092 328
033915 406
033674 384
036777 340
032294 117
036117 266
030108 185
037363 48
030226 173
031453 464
032178 244
030254 316
032160 416
036337 486
036362 235
034623 202
035377 225
031664 318
032350 161
034232 399
030346 193
034377 110
031369 220
030871 358
036770 217
030229 173
032435 293
032508 175
037053 96
031781 238
030132 116
034057 124
034285 44
036220 358
031605 244
033069 193
034165 456
035246 49
034664 243
036581 224
035695 298
037877 332
035829 200
036913 345
036973 135
034229 511
036238 350
033175 112
035352 135
036468 233
035552 301
032376 116
032535 101
034415 354
036903 354
032969 217
036184 112
032642 197
031340 133
037787 130
030964 205
036246 41
038005 481
032917 409
031922 314
037425 221
030636 424
033212 414
034030 191
037998 212
034819 570
033664 239
033702 187
033255 146
037258 275
033309 267
036640 246
032165 173
031388 200
031669 318
037620 117
034708 203
036551 260
030776 118
037558 350
035755 314
030144 292
034773 164
033980 127
031097 132
034696 95
032469 241
036627 185
036356 718
030354 323
037616 117
033941 236
030753 318
037952 466
036132 281
030248 187
032846 49
034783 378
032506 175
036408 49
030984 182
033958 430
035666 105
031425 232
037323 223
031505 326
035880 262
034039 248
036340 488
037484 209
033324 50
030833 377
032086 354
031700 364
037265 165
034749 407
035604 125
034585 213
033488 49
037086 205
030958 393
036306 334
037581 181
036206 204
032625 247
033292 428
030404 189
030234 334
033819 112
033300 432
030413 332
031592 441
034456 120
034666 243
033655 156
035911 368
030759 318
035457 526
031398 316
033100 125
033934 421
033104 293
034336 361
031362 220
037758 217
034803 266
031706 272
036769 212
036547 143
031053 284
035159 278
031834 439
036024 145
033821 259
030097 375
031771 414
033654 156
031377 353
035100 146
036917 345
035164 47
035363 162
033392 215
033667 239
032760 472
037383 311
034202 71
035747 211
031614 355
031539 433
031861 179
031272 371
037588 181
035209 166
031544 237
037555 350
035185 231
030287 51
036193 151
033120 442
032374 116
037510 184
030856 105
032843 49
033179 112
036031 265
035426 173
033132 390
037338 412
036084 102
033198 315
030353 323
037703 96
035851 243
034078 501
032736 483
034532 109
033969 44
030458 121
037009 151
031789 238
031075 304
031794 533
032392 439
034435 358
033490 52
036273 393
032131 292
031164 53
031394 316
032323 168
032807 235
037136 124
031741 264
030723 192
032151 413
031069 195
034379 110
036615 255
032948 268
033358 302
036533 314
033857 350
032491 326
030242 187
030351 323
037872 332
033159 391
037090 208
036076 176
031184 286
033752 393
037818 187
037211 213
033009 47
032730 229
038032 281
033917 406
032182 172
035345 84
032429 174
033910 238
031014 121
037035 286
030334 348
030110 186
036877 422
032783 422
031372 353
035458 526
033456 433
031202 181
033583 294
034265 213
036524 159
033872 312
035914 368
037367 48
030862 251
032112 626
034918 283
035518 381
030333 348
031374 353
031565 40
037560 354
035515 381
035221 192
032144 485
037403 234
033131 390
035577 126
034133 135
033054 354
032181 172
030100 376
032110 324
032138 292
035021 225
037114 360
034302 207
036788 182
032617 123
035433 377
033458 433
033208 277
037945 146
035516 381
033187 243
037542 336
033909 238
037040 286
036013 232
032198 259
034512 340
035921 239
030860 108
035184 231
034316 243
030052 125
032073 432
034213 191
033763 208
037466 324
031212 308
032721 227
032558 283
037550 338
030291 115
032563 193
033480 474
033148 208
031611 355
036622 185
036258 107
033223 212
037173 627
037360 379
036995 445
030118 340
030281 51
032954 621
033935 421
034148 268
034823 292
031714 483
034209 71
033193 315
030294 115
034990 156
037948 146
035955 544
036365 235
030655 336
035045 255
033618 429
031226 230
036225 207
031844 219
034633 350
032015 206
037025 158
033932 421
031673 427
031757 528
033608 272
035210 168
037894 223
030471 296
031233 379
031831 439
033966 44
034742 407
034973 326
033178 112
034033 248
030195 191
030158 227
031633 428
033095 121
035500 150
033792 374
037850 346
030791 350
032385 221
035400 234
034482 195
030771 118
037443 43
035498 149
035915 368
035812 89
037446 43
036915 345
036360 718
030822 211
030089 219
037783 130
030279 295
030033 352
032839 511
030786 232
031434 334
031582 351
030192 191
034944 250
030621 306
032271 610
031681 263
033986 308
036135 281
037293 79
036963 68
030032 352
030288 51
030153 227
032258 536
037301 146
033738 119
035679 324
031041 189
037830 346
033213 414
037389 311
031115 143
035526 181
032739 483
030579 434
033042 209
032879 478
037026 158
034510 196
035213 305
033356 302
036164 131
030472 296
037966 423
035501 300
037852 52
030140 120
032396 439
036334 486
033544 217
031709 272
036618 255
034230 515
030339 348
036534 314
034952 368
034464 303
030802 234
031365 220
035697 298
031261 241
037666 417
033338 149
034498 373
033397 215
035287 107
031680 428
030863 251
037733 287
036240 354
036303 334
035780 304
038033 281
034183 378
036369 235
035592 301
035053 423
035095 146
036891 122
036855 497
032960 625
030853 105
035872 262
031761 246
035341 84
036278 393
031189 286
036348 460
031549 237
033845 183
036256 107
037673 256
037887 353
037279 312
030239 334
033665 239
037736 287
033085 42
031344 302
030747 187
032234 297
035072 383
035756 314
032803 235
032675 325
036264 239
030589 242
031713 483
036573 95
031607 244
034514 340
031711 483
036530 161
030996 268
031054 284
031153 341
031239 379
034576 366
034208 71
036060 133
037423 221
032981 218
035227 192
031038 143
037755 217
030060 129
033996 375
032228 209
035054 423
030215 89
032597 325
037851 52
034802 266
037756 217
035605 125
033264 276
035793 272
032149 485
032275 610
035863 208
030981 182
031879 345
030438 338
031501 326
032518 322
032383 221
037732 287
035944 241
030331 348
033689 188
030096 375
035923 239
032500 326
030593 634
038031 281
032931 107
030182 128
032781 422
032032 223
034481 195
034722 257
031503 326
036257 107
034417 354
037988 375
031277 371
036658 100
034655 341
031613 355
033270 279
035732 93
030340 348
034355 326
033149 208
034750 407
030592 634
037315 276
032082 354
030967 205
032428 174
035943 241
035740 97
030057 125
030152 227
035349 84
032890 196
031857 311
033234 364
036095 180
033595 550
031769 246
030285 51
037259 275
031050 192
033711 378
030007 263
033861 211
033515 408
036652 100
031953 528
032672 325
034315 243
036282 398
031285 269
032802 235
035674 324
031012 121
032934 107
033651 156
036239 350
031701 272
035502 300
037951 466
032162 173
033369 101
035688 191
032513 322
031776 414
036993 445
037307 146
031423 232
035696 298
032276 610
033836 528
032497 326
030642 188
032540 104
030457 121
037463 324
033418 56
033965 44
034826 292
036634 245
031015 121
030788 232
030149 292
033719 378
033276 374
033176 112
037015 298
033066 193
030893 258
034728 257
035975 128
037622 269
030787 232
036352 718
034844 74
032193 259
033954 430
031442 262
033579 181
030627 306
035269 222
035840 338
035146 156
034986 156
030537 119
030088 219
036343 460
036656 100
035301 125
030724 192
030117 340
036353 718
031167 53
037773 64
030168 132
032515 322
031444 262
030929 41
036144 40
034081 256
037150 240
032912 409
034173 669
030904 140
032013 206
034459 120
033004 47
036043 42
036967 68
037962 423
035390 162
037384 311
033097 121
033657 156
031984 341
032029 182
035984 294
034502 196
030926 41
033160 394
031733 131
035684 191
034447 50
036370 235
034146 268
030586 242
030624 306
033551 424
034025 189
037021 158
034152 323
034308 207
033268 276
037037 286
030504 196
037436 382
034956 368
035971 128
034051 124
031280 373
036285 398
031178 98
030086 219
030830 215
030876 358
036419 138
035918 368
031899 123
031160 344
030900 260
034038 248
033342 289
030419 332
033636 422
037545 336
031694 361
032098 529
031585 351
030837 377
032035 223
033278 374
032580 340
033443 211
031139 423
036833 264
036698 444
036935 502
036819 115
031516 528
035917 368
033550 222
030977 267
036792 366
030736 303
035058 423
037759 217
030476 296
037740 289
032726 227
031824 314
037267 165
033280 378
036287 398
033585 294
034856 148
035028 225
037577 306
035144 156
036531 314
036635 245
035861 208
038020 56
030378 126
036971 135
034841 74
030139 116
030651 336
032622 247
032510 178
033318 425
032750 232
035818 89
030283 51
035830 202
031109 217
031341 302
030424 175
034718 408
036025 145
035038 364
030675 386
031948 234
034114 355
030313 272
033246 52
030855 105
031765 246
037827 342
030783 232
032559 283
031606 244
030311 272
030462 236
037837 192
030061 270
036899 122
031918 600
032498 326
035066 244
036466 233
037462 324
035610 127
030721 192
034253 340
031201 181
032059 87
030806 234
031457 464
036209 204
031623 221
033768 208
033380 136
031725 46
036189 112
031620 358
035167 47
030181 128
034060 124
030993 268
037353 379
033989 308
035302 125
034292 122
037543 336
037101 239
037685 533
037801 599
034414 354
032735 483
032063 172
034277 381
031744 264
032224 209
030109 185
037319 276
037105 239
037349 209
035079 383
032293 117
037088 205
031194 642
036168 131
030038 352
035895 106
030990 184
030530 55
036709 207
031120 146
037137 124
030434 338
031102 217
033876 312
034367 47
033662 239
035527 181
035902 202
030228 173
033988 308
034971 326
034129 44
035637 145
034484 195
030112 340
037796 534
032956 621
030479 296
032296 117
034243 238
031967 46
030906 140
036011 232
035949 241
030050 43
031217 308
037385 311
033698 503
036783 182
035446 229
037345 209
032614 123
033361 101
031845 219
031907 221
034370 48
033981 308
032179 244
036683 239
037262 165
032482 180
033892 111
032406 180
035320 183
033389 147
031859 311
037483 209
030406 189
034430 179
031361 220
033083 42
031772 414
031028 226
037870 114
033472 472
032859 117
036976 135
037432 382
033972 125
034654 341
035678 324
030271 295
033615 429
035671 324
035620 153
038011 51
035942 241
031662 318
031395 316
035110 270
035613 150
035865 208
033748 261
037392 468
033734 119
034109 193
031029 226
033316 425
032583 174
031157 341
033775 332
033823 259
030085 219
036158 119
032432 293
038000 213
030784 232
032833 511
031299 471
034340 361
037533 120
037335 412
035228 192
030854 105
037179 627
036262 239
034902 196
032161 173
031891 123
032740 484
034477 323
031334 130
031316 468
037505 183
037473 513
037924 520
032888 194
037923 520
034203 71
033446 211
034007 194
032895 411
033173 112
035956 544
030478 296
037304 146
036502 330
033993 375
032919 409
030284 51
030320 276
034860 149
032022 182
037396 468
030317 272
037767 577
031169 53
032850 53
033046 209
033051 354
036669 167
030045 43
037375 123
034428 177
034357 326
032311 528
037352 379
036089 102
034331 361
033930 228
030034 352
031901 221
030071 286
034707 203
031892 123
035323 43
038014 51
033795 374
037571 306
034583 213
036387 231
032910 187
031118 143
035976 128
033481 49
034438 358
033536 449
035937 375
033722 50
031943 234
035097 146
032810 237
035055 423
034104 193
036655 100
031229 230
037402 234
036202 204
032940 109
030692 100
034559 304
032715 390
032214 105
031833 439
036872 422
030875 358
036393 433
035431 377
035903 202
036554 260
031597 441
030217 89
037342 209
037350 212
031547 237
037771 64
037704 96
036035 265
031346 302
035328 43
032329 168
036704 207
036844 245
037171 627
037065 208
035547 161
034903 196
034693 95
033214 414
036949 189
030545 257
033548 217
030120 341
030756 318
030852 105
031143 205
033923 227
034985 156
032353 240
031835 439
035968 41
033978 125
035768 210
037833 192
030146 292
031910 225
032975 549
036290 401
036194 151
033190 245
034106 193
031554 436
031278 371
031603 244
035030 227
038025 127
032573 338
037128 58
034110 193
031939 659
035992 342
035497 149
033640 423
033016 125
032872 478
033180 113
036473 396
033621 227
031350 306
035175 100
037162 372
036920 347
035310 130
034518 340
036227 207
032298 117
032738 483
032914 409
034801 266
034380 111
031400 317
031821 314
037591 368
035368 162
036499 111
035452 526
036251 107
032055 87
034843 74
030490 192
034959 368
035412 90
035819 89
036367 235
030380 127
030777 118
036873 422
033839 528
032216 105
035534 374
035752 314
036775 340
036633 245
035131 301
030921 41
034818 570
030329 201
031136 423
031227 230
037544 336
030960 393
034448 50
032183 172
037632 268
030383 228
035172 100
030389 228
035373 225
038003 481
033482 49
031145 205
036984 346
031448 262
030994 268
033498 114
030774 118
036433 403
030396 251
033052 354
032273 610
037326 223
032689 48
036702 207
031866 179
031000 271
034846 74
035314 182
032936 107
031437 334
032885 194
031860 312
033543 217
037679 256
037280 316
032697 89
035612 150
036442 200
037438 382
031980 144
037889 353
036584 224
036210 207
035193 250
034548 215
034231 399
037410 237
034586 213
033848 183
033050 209
032801 235
037805 599
037946 146
035538 374
036390 234
030811 364
034069 225
031198 642
032696 89
034897 324
036868 233
030665 166
030890 173
031297 471
030484 190
032686 48
034011 233
035584 228
036751 421
034274 381
030407 189
030612 119
038009 481
030986 182
036811 115
030251 316
031850 223
032051 87
033326 50
034645 205
031492 119
034149 268
030325 201
036212 358
035040 368
033814 112
032152 413
032301 439
034483 195
031364 220
032390 222
032662 194
037407 234
031506 326
032306 439
034939 96
030069 270
032896 411
037846 345
030510 197
037825 342
031574 124
033506 257
030026 206
035211 305
036359 718
031113 143
037011 298
030804 234
035972 128
030546 257
036511 515
030165 132
035602 125
033735 119
036591 383
033862 211
031638 428
036869 233
032247 238
034362 47
030701 262
034490 196
031011 121
032400 439
030185 128
035719 268
033098 121
036961 68
036385 231
035279 282
036710 207
033325 50
030578 434
030210 42
036718 419
032486 180
034661 243
034453 120
036480 399
032088 354
033666 239
036619 255
037901 512
031276 371
034915 283
031788 238
034400 281
035981 294
036755 421
037416 367
037378 123
030594 634
034290 46
033135 390
037871 332
036389 231
034980 329
034439 358
034628 202
034791 435
035427 173
035961 41
031654 170
037074 356
033056 354
035622 115
032079 432
034339 361
033207 277
037003 151
032961 217
034943 250
030452 121
034094 392
031697 361
031812 132
031510 328
037841 345
037651 211
030512 344
033354 302
031915 600
030387 228
032310 439
033336 149
030015 439
036459 374
033549 217
036458 374
032680 326
032180 247
030882 171
033420 61
030019 439
030614 119
030978 267
031548 237
036664 167
034676 344
031096 132
030588 242
035789 209
032602 56
031737 131
031553 436
034471 323
032893 411
033688 188
030622 306
032668 194
037681 533
030845 45
035191 250
034719 408
034896 324
030184 128
035520 384
032918 409
033682 188
034934 96
033495 114
035304 125
037382 311
037565 224
032716 390
031156 341
033798 374
031534 433
034328 184
033063 193
033237 364
037054 96
034546 215
035640 147
037879 332
032095 529
035821 200
037836 192
034015 233
032036 223
037892 223
036436 403
037156 244
036977 135
032857 117
030731 303
030072 286
037735 287
030350 196
034994 371
037356 379
036301 334
035240 297
033133 390
036948 189
034225 511
036854 497
033030 399
037331 412
030799 350
035438 377
033777 332
037752 217
035533 374
036407 49
035414 90
035189 231
037063 208
032655 331
037318 276
036361 235
034034 248
037926 520
030131 116
034096 392
035734 93
030342 193
036138 281
035850 179
031992 414
031524 234
030516 344
033838 528
037642 176
032375 116
030257 316
032862 362
036625 185
037460 117
035739 93
034344 168
031067 195
032588 174
032786 422
030744 187
031600 444
030912 264
031818 132
036397 433
034858 148
032704 250
031240 383
030548 257
033329 50
037584 181
031338 130
034909 196
037546 336
032797 346
036592 383
034137 135
030163 132
035659 66
032265 225
031739 131
032257 536
037232 672
037993 212
037539 120
035214 305
032426 174
035783 209
034495 373
037117 360
034940 98
032114 626
035181 231
033142 208
033204 277
034983 156
031822 314
030916 264
037705 96
032973 549
037142 238
037121 58
033732 119
035419 90
036826 206
036675 309
034423 177
034354 326
032075 432
037415 367
037183 339
032072 432
037208 43
034257 340
032102 323
033073 330
032408 180
030844 45
030041 43
030705 262
035219 305
031659 170
037494 360
031142 205
035536 374
036555 260
032868 362
032552 283
036435 403
030922 41
036131 281
037482 209
037976 207
034073 501
036241 41
031667 318
030335 348
034373 110
033709 187
032538 101
036094 180
033116 442
037070 208
030514 344
033235 364
036110 141
034614 116
032952 621
032684 48
036027 145
031740 134
032184 172
034268 213
036067 162
033828 259
035839 336
034906 196
033800 376
034068 225
031513 528
036926 236
031639 428
032608 56
036438 403
031754 528
034630 202
032215 105
035496 149
037906 512
033339 149
038048 353
032824 212
037611 117
035289 107
031180 103
035065 244
034264 213
035318 182
032650 200
033949 236
033331 149
031750 264
034799 435
037806 599
031541 237
035614 150
034071 501
030869 251
036078 176
036822 206
035769 210
037712 226
031256 116
036214 358
037213 213
036954 362
034848 74
035482 43
034267 213
030384 228
036364 235
036059 129
035056 423
036521 159
037218 213
034979 326
031190 289
034234 399
034122 44
031381 200
034246 238
031412 102
035445 229
032316 528
031062 195
031431 334
030247 187
032899 411
030937 100
035798 272
035179 100
033209 277
037659 211
036519 515
036205 204
032654 331
034282 44
035938 375
037275 312
036575 95
033523 297
038016 51
036406 49
030111 340
036779 340
037302 146
030815 364
035960 548
033140 392
033572 181
031126 228
035982 294
031292 471
031521 234
035617 150
030174 199
035771 301
032018 206
030322 201
034052 124
032115 626
034126 44
031459 464
036597 383
037004 151
037455 115
033905 238
034287 44
037022 158
034383 266
033559 424
032755 472
035151 278
036732 126
036747 297
035276 282
031449 262
032878 478
031952 528
034273 381
030312 272
033614 429
035633 145
037579 306
032732 483
035143 156
033096 121
035140 302
031690 265
034660 344
032550 245
030903 140
033898 111
030277 295
033461 217
030477 296
037513 385
033310 269
031880 345
031392 316
030997 268
035579 126
035550 163
036349 460
031025 226
036909 354
033295 428
037618 117
036760 424
031206 181
032061 172
030297 115
036638 245
032074 432
033367 101
030717 298
033815 112
031655 170
037534 120
033694 503
033094 121
033245 52
036800 370
037314 276
036764 212
033773 332
036614 255
036040 266
035365 162
037672 256
032499 326
031447 262
034581 213
031131 423
036230 207
030002 263
036901 354
034868 323
030148 292
034455 120
034912 283
032113 626
036827 206
034775 164
030798 350
032695 89
033432 124
031799 533
032025 182
030718 298
036964 68
032813 587
032135 292
031575 124
033110 298
030328 201
031519 528
032794 346
032995 437
037916 252
037490 213
035484 43
035742 211
033240 368
035061 244
034144 268
031594 441
036741 297
030214 89
034806 266
033939 421
036748 297
030879 358
035233 295
030663 166
035581 228
032263 225
030488 190
032725 227
035298 153
033092 121
033706 187
035831 336
035692 298
036896 122
036415 138
031977 140
033151 391
037030 161
033453 433
033412 56
031498 119
033916 406
034002 194
031071 304
037811 187
034258 340
030634 424
036289 398
032308 439
036039 265
037978 207
033796 374
035546 161
032676 325
036245 41
033003 47
037006 151
037489 209
030023 206
035869 208
031056 284
037573 306
035024 225
036781 182
037404 234
034186 378
037321 223
032381 221
036133 281
030401 189
037665 417
032430 174
030940 104
034679 344
037859 52
030178 199
031518 528
033547 217
037216 213
034210 75
037803 599
030534 119
036938 502
035378 225
034800 439
035217 305
036982 346
037799 534
036254 107
037974 207
030395 251
038019 51
034072 501
032757 472
035824 200
035816 89
030068 270
036673 309
033288 295
031579 124
034508 196
036402 49
030282 51
031858 311
032933 107
030687 45
037716 226
036200 155
035022 225
036763 212
035025 225
037636 268
036452 374
037444 43
031931 659
033479 472
036358 718
037884 353
031162 53
036908 354
031661 318
037950 148
035348 84
035460 529
036475 396
030602 41
037158 244
032723 227
035273 282
037311 276
035672 324
030177 199
032575 338
030092 375
036004 127
034747 407
033757 393
033874 312
037791 534
035344 84
037708 96
037124 58
035198 250
036002 127
033762 208
037629 269
032638 304
030616 119
030867 251
033832 528
035107 266
030316 272
034503 196
030679 386
037969 423
032056 87
030028 206
035762 210
032647 197
034457 120
031446 262
031663 318
033363 101
035509 300
035355 135
037776 64
033487 49
035790 212
031497 119
032844 49
033273 374
033964 44
035760 316
038039 281
037980 209
035860 247
032136 292
035848 177
035773 301
034594 428
034813 570
031863 179
036332 486
031480 362
037687 533
030176 199
034931 96
037341 209
032629 247
037727 380
036682 239
037635 268
033769 208
037782 130
033710 189
035853 243
036786 182
032320 532
030734 303
037220 217
033323 50
030575 434
037445 43
030680 388
034124 44
037332 412
033489 49
035461 265
033332 149
034966 161
032091 529
035444 229
031904 221
036504 330
033080 334
034638 350
037737 287
031499 119
035855 243
035782 209
032211 105
036679 309
037430 222
032410 185
030151 227
037822 342
031660 171
035129 157
032384 221
033963 44
037647 176
037625 269
035925 239
037535 120
035450 230
033225 212
034432 358
037002 151
038010 485
032260 540
031995 414
034031 248
034690 43
034972 326
034792 435
031966 46
032983 218
033382 147
031473 359
035770 210
031787 238
030908 140
034536 109
036797 366
033364 101
033185 243
035825 200
032519 322
031493 119
032322 168
035371 225
030625 306
032626 247
037366 48
034261 213
037709 96
036577 95
032643 197
035560 304
036817 115
030410 191
032980 553
036151 119
034977 326
034460 123
035120 428
030809 234
033384 147
033181 243
034947 250
034879 374
036842 245
036015 232
036923 236
036104 137
034325 184
032908 183
032581 174
036416 138
037541 336
035548 161
032604 56
034597 428
035296 153
037683 533
035653 66
036464 233
033423 88
030861 251
036818 115
034729 257
032243 238
034580 366
037038 286
030172 199
035104 266
030580 435
034651 341
032943 268
037246 146
033629 227
035285 107
037005 151
033038 481
035113 426
035947 241
037330 225
034092 392
035468 265
030641 188
036414 138
033601 272
031619 355
037336 412
032938 107
034695 95
030355 323
032485 180
031188 286
030435 338
036907 354
031466 176
035387 158
035665 105
032894 411
035099 146
033045 209
035142 156
031596 441
034262 213
031774 414
036985 346
036170 135
033455 433
031670 320
034705 203
034582 213
032356 240
030289 51
035204 166
036280 397
030730 194
032808 235
036688 239
037554 350
037987 375
037657 211
034776 164
033724 50
037468 324
031783 238
036601 166
034147 268
036421 328
030864 251
033357 302
033260 148
035603 125
030686 45
030394 251
035421 173
037017 298
031313 468
030789 232
031215 308
034063 225
035990 294
032579 338
032084 354
032107 323
034656 341
032118 626
034641 205
037169 372
034187 378
031051 284
030465 236
035999 342
033377 135
034877 374
035190 232
032545 244
037191 560
033232 364
031418 102
035574 126
033290 296
035050 258
035794 272
032753 472
034259 340
035168 47
031203 181
036983 346
034574 366
035212 305
036456 374
033797 374
031432 334
035057 423
032827 212
037973 207
032225 209
031704 272
032916 409
037159 244
030280 296
037643 176
030754 318
035238 295
034387 266
031302 222
030299 115
032992 437
033956 430
036172 171
032010 177
035070 244
037531 120
034969 161
033730 51
036711 419
030164 132
037190 341
031911 600
031354 564
036267 239
037461 324
035353 135
032892 411
030533 119
034278 381
037369 48
037891 223
037718 226
035670 107
034235 399
036762 212
032105 323
037381 311
035988 294
034018 233
037855 52
031839 439
035274 282
037010 155
030805 234
033983 308
035616 150
036929 236
034901 196
032790 424
036933 502
034794 435
035854 243
030832 377
031030 226
038012 51
034577 366
033452 433
032950 269
031707 272
033535 449
030193 191
031179 98
032093 529
036611 255
037256 275
032299 117
034427 177
033062 193
036910 357
034207 71
032798 346
034981 156
033692 503
032217 105
030836 377
035626 115
037075 356
030600 639
036020 236
033611 429
031094 132
035623 115
030232 334
038026 127
030596 634
034876 374
034236 399
038021 127
032142 485
032978 549
036037 265
033425 88
036667 167
031710 275
032338 266
034590 216
036175 171
033499 114
036994 445
035847 177
032609 56
034127 44
032064 172
030729 192
037485 209
030544 257
035514 381
034303 207
032557 283
037313 276
034905 196
030891 258
037575 306
033507 257
031286 269
038006 481
033494 114
032099 529
035312 182
031691 361
036812 115
036743 297
036934 502
034220 194
037814 187
033128 216
033974 125
034472 323
034353 326
035864 208
031319 468
032483 180
035311 182
033196 315
031587 351
034066 225
030526 51
037896 223
034933 96
030726 192
035775 301
034646 205
032397 439
033026 395
037491 360
030199 191
037548 336
037639 268
033878 312
034950 250
032066 172
032414 286
032698 89
031874 345
031846 219
034917 283
035843 177
037130 61
032594 325
030191 191
036345 460
037351 379
033103 293
031873 345
030884 171
033576 181
034811 570
037661 417
031042 189
030439 338
035543 161
030576 434
033779 332
034674 344
037627 269
033727 50
035229 192
032139 292
032244 238
033553 424
032596 325
031455 464
031399 316
034291 122
035700 299
032699 89
036969 68
030468 236
031854 311
037664 417
036270 240
033415 56
033230 213
032295 117
037276 312
031862 179
037838 192
037113 360
037106 239
035247 49
036583 224
032751 472
034123 44
036520 515
032304 439
032083 354
037802 599
035786 209
037967 423
030001 263
035576 126
036123 123
030147 292
034951 368
035441 229
030073 286
033221 212
034374 110
036006 127
031832 439
037231 672
036199 151
031836 439
032348 161
037516 385
033271 374
036413 138
036637 245
035635 145
031551 436
032861 362
036139 281
038049 353
032077 432
031140 426
034299 122
030987 182
035838 336
033387 147
034102 193
036890 45
036518 515
031923 314
035945 241
034700 98
032636 304
030048 43
036981 346
037450 46
033305 267
036165 131
031577 124
032628 247
032771 173
032719 390
031417 102
036952 362
036752 421
034699 95
036894 122
030391 251
033789 191
032820 591
034218 191
031386 200
032744 228
030918 264
032315 528
034467 303
036382 231
036446 200
033447 211
031288 269
033419 56
035381 158
034746 407
030189 128
038018 51
031685 263
035297 153
032000 417
031979 140
033942 236
037864 110
033348 289
037224 343
033200 319
035357 135
032504 175
030743 187
032779 173
032331 266
035611 150
034677 344
031705 272
036887 45
030653 336
034163 456
036843 245
037910 513
030464 236
030684 45
034706 203
031728 46
031959 528
033833 528
035112 426
036609 166
033341 289
035519 381
035513 381
034463 303
033070 193
034488 195
030381 228
034887 192
032547 244
037239 672
033827 259
034499 373
030699 100
037794 534
036860 498
037339 412
034088 256
034330 185
030390 229
033034 481
031745 264
031281 269
032773 173
036495 111
031191 642
032987 218
034657 341
030409 189
036580 99
035149 156
036253 107
031213 308
031871 345
030947 234
037298 79
031049 189
033593 550
035554 301
036856 497
035032 364
030369 52
030611 119
032024 182
032741 228
034992 371
030453 121
030365 52
036791 366
034098 392
030012 439
030961 205
031355 564
036939 502
032819 587
036532 314
034130 45
032246 238
030162 132
037600 371
035967 41
031679 427
037671 256
034135 135
034949 250
037808 599
031078 304
030819 364
035132 301
036302 334
032039 223
030436 338
035924 239
036335 486
038023 127
035827 200
032945 268
034332 361
036248 41
031716 483
037597 368
034026 189
034568 228
032551 283
031106 217
033077 330
033258 146
034443 50
037170 376
031724 46
037420 371
030039 352
035248 49
037508 183
032848 49
033591 550
030628 306
032875 478
033834 528
031036 143
032242 238
035901 202
036427 328
031820 136
033940 424
034401 198
035020 123
030081 219
033599 550
033249 52
030197 191
033254 146
030200 195
036544 143
034366 47
031048 189
032623 247
036672 309
033414 56
032665 194
033239 364
031502 326
030505 196
030693 100
037091 328
036064 162
037929 520
033705 187
030538 119
033754 393
030919 264
037141 238
037537 120
037930 522
036756 421
033236 364
031472 359
032008 177
034249 238
030549 257
035898 106
033126 216
036061 162
032147 485
037104 239
034138 135
031868 179
031192 642
037470 324
030188 128
036987 346
033477 472
035454 526
032412 286
034615 116
037320 276
035250 50
030529 51
031279 371
033317 425
036085 102
033741 261
035837 336
033005 47
034270 218
030017 439
035878 262
030074 286
037778 64
035254 126
037983 375
031320 468
030058 125
031529 234
032993 437
033867 211
032187 172
030155 227
034116 355
031571 124
037568 224
035523 181
033503 257
031759 528
034817 570
031777 414
032517 322
030531 119
034787 378
037266 165
030649 188
035711 268
036388 231
033118 442
030858 105
037628 269
035260 126
030020 443
036108 137
035741 211
031284 269
030725 192
036902 354
034547 215
036972 135
030332 348
036405 49
037452 115
037835 192
030587 242
031875 345
032333 266
037751 217
035158 278
036626 185
035957 544
030222 173
036874 422
035350 85
031564 40
033226 212
035395 233
037965 423
036304 334
030292 115
035928 239
032377 116
036098 180
032599 325
035531 374
031928 314
037731 287
034491 373
031205 181
032399 439
031068 195
037598 368
033945 236
031723 46
031258 116
033049 209
033712 378
034593 428
033206 277
033371 135
032681 48
037056 96
037793 534
034665 243
036778 340
032290 43
035828 200
033920 410
035114 426
035459 526
030400 251
031204 181
030742 187
037387 311
032694 89
037214 213
035663 105
036897 122
037376 123
031949 234
033554 424
035429 173
035766 210
033943 236
033854 350
032976 549
030778 118
033306 267
032901 183
034107 193
030145 292
035264 222
037234 672
036558 260
033960 432
031063 195
036477 396
032038 223
032685 48
030105 185
037587 181
037340 414
035052 423
034279 381
033582 294
035174 100
035951 544
037014 298
030985 182
034266 213
032119 626
037849 345
036630 189
031224 230
037325 223
033975 125
035029 225
033617 429
031135 423
035109 266
038035 281
031133 423
035049 255
030262 160
037789 130
035587 228
032804 235
034904 196
031158 341
033416 56
032433 293
037984 375
032300 119
034431 358
034037 248
032096 529
030031 352
035537 374
034997 371
031627 221
032555 283
036378 505
037915 252
034790 380
031912 600
036235 350
031033 143
031429 232
036142 40
034329 184
035542 161
033866 211
032906 183
032920 413
037176 627
035453 526
036207 204
037475 513
030035 352
034028 189
032463 241
037599 368
033302 267
034382 266
034480 324
032795 346
034441 50
033351 302
036395 433
032103 323
031678 427
032669 194
031103 217
034649 205
033484 49
035111 426
030907 140
030878 358
034014 233
035859 243
033577 181
031584 351
037723 380
031168 53
033991 375
036042 42
034987 156
031060 284
030670 170
031411 102
031433 334
035424 173
035636 145
036455 374
033701 187
031828 314
033605 272
034537 109
036514 515
030991 268
034862 323
035033 364
030508 196
032603 56
031626 221
036852 497
035244 49
031509 326
035290 111
034318 243
034437 358
035826 200
037153 244
031870 179
030136 116
035761 210
036653 100
036065 162
030119 340
036859 497
034211 191
033197 315
030556 260
031653 170
035625 115
036958 362
036074 176
036310 338
030652 336
032111 626
033772 332
032116 626
036092 180
035241 49
033035 481
036662 167
030866 251
035060 423
030770 40
030366 52
034326 184
032478 468
031708 272
036182 112
031104 217
031315 468
037920 252
036232 350
034167 456
031231 379
035507 300
038037 281
030403 189
032806 235
032852 117
035462 265
037675 256
037514 385
033251 146
037509 183
031384 200
034054 124
036183 112
035710 207
034125 44
037464 324
036636 245
032829 212
031358 564
031622 221
037087 205
036119 266
032842 49
036955 362
037388 311
032533 101
030590 244
031651 170
031129 228
030706 262
036014 232
031938 659
032495 326
036218 358
034635 350
035360 139
035258 126
034221 511
034237 399
033514 408
034914 283
031172 98
035252 126
033733 119
033194 315
036716 419
035374 225
037585 181
034573 366
032409 180
036157 119
037719 226
036550 144
034714 408
035932 375
034284 44
033202 277
033502 257
035595 301
036127 123
035347 84
036439 403
037918 252
034976 326
037200 563
031336 130
032262 225
031628 221
036714 419
035784 209
035667 105
030275 295
033307 267
034079 501
031310 227
035849 177
032438 293
033417 56
035596 301
035234 295
034777 164
037959 466
037619 117
035148 156
035892 106
031735 131
033911 406
035639 145
036922 236
036680 313
037322 223
030709 262
034132 135
033102 293
030493 351
030604 41
037292 79
032776 173
035334 73
033279 374
036956 362
035521 181
032057 87
030143 292
037472 513
034869 323
034872 374
033973 125
031951 528
036590 226
032346 161
031945 234
033628 227
037911 252
031715 483
032141 485
033353 302
031586 351
035715 268
037710 97
032268 225
036243 41
036720 421
033099 121
036305 334
032218 105
033311 425
032737 483
030352 323
034320 245
032734 483
032853 117
036087 102
030620 121
033946 236
032312 528
033429 88
030927 41
033530 301
031905 221
031079 304
030183 128
031826 314
034304 207
035091 146
035237 295
031520 531
037431 382
031588 351
037271 312
032630 247
034322 184
033994 375
032708 250
034421 177
031929 314
038024 127
033215 414
034670 247
030474 296
037674 256
037344 209
030336 348
036604 166
034591 428
036162 131
036944 189
030106 185
036203 204
030818 364
031968 46
032459 97
036097 180
034494 373
033375 135
037247 146
037646 176
030016 439
036107 137
030224 173
038040 285
032011 206
033441 211
034408 198
032342 161
034842 74
037429 221
030393 251
030973 267
031219 308
036383 231
037857 52
033661 239
036990 347
032990 218
032958 621
032270 229
034386 266
031677 427
037653 211
030842 45
038017 51
035339 73
035467 265
030644 188
031779 414
032488 180
037960 470
035718 268
033737 119
036945 189
034180 669
032434 293
031385 200
034064 225
036517 515
033927 227
032999 437
030660 337
037886 353
034551 304
037226 343
035875 262
034032 248
035356 135
030083 219
035754 314
034214 191
036143 40
035102 266
034913 283
035161 47
030667 166
034497 373
036823 206
037096 328
032667 194
035199 250
036738 126
033231 364
031964 46
033395 215
035163 47
031538 433
032237 297
034177 669
031552 436
033780 335
035946 241
035788 209
036216 358
030682 45
031719 483
035877 262
036429 328
031581 351
030198 191
034085 256
037831 192
033714 378
035465 265
036719 419
034798 435
032840 514
037985 375
030859 105
030047 43
031830 314
031376 353
033632 422
037458 115
032618 123
034162 456
033903 238
035651 66
036820 119
032606 56
036784 182
035068 244
031421 232
030975 267
035291 153
036156 119
035800 276
030577 434
033962 44
037645 176
036858 497
037184 339
030905 140
032505 175
033830 263
037209 43
035709 206
030746 187
034829 292
033158 391
033485 49
031604 244
035016 119
036102 137
030008 263
032986 218
030728 192
030522 51
031207 181
032821 212
035540 375
031550 239
030719 298
033337 149
032413 286
032727 227
030915 264
031462 176
033224 212
035069 244
034662 243
037899 223
032302 439
036145 40
030714 298
031300 474
032660 332
036281 398
035511 381
035048 255
033000 439
033990 308
030559 260
035941 241
035166 47
030414 332
035195 250
036772 340
037379 123
034807 266
035608 125
035133 301
031495 119
033526 297
032156 413
034153 323
033172 112
034276 381
033985 308
032403 180
034562 228
034560 308
030244 187
033557 424
037863 110
037913 252
030727 192
036505 330
031396 316
030535 119
037390 313
030826 211
035108 266
033913 406
030003 263
031958 528
032157 413
030082 219
030897 258
032465 241
035026 225
035737 93
030370 54
035236 295
036366 235
037487 209
037358 379
037586 181
036411 138
033320 426
033428 88
030772 118
032307 439
030583 242
036574 95
036279 393
035134 301
032870 364
037151 244
037337 412
035817 89
036052 129
034121 44
035194 250
036600 384
033303 267
036863 233
037201 43
035071 383
035993 342
030712 298
038007 481
033438 124
031454 464
035382 158
035713 268
032359 240
037869 110
033130 219
030230 174
033019 125
033929 227
034486 195
037499 360
031092 132
034280 384
037757 217
031016 121
037610 41
037963 423
030954 393
037144 238
033141 208
031465 176
035590 231
031933 659
036927 236
034485 195
031151 341
033189 243
034744 407
033670 239
033899 111
035262 222
031307 222
030107 185
030737 303
031108 217
036882 45
036699 444
037500 362
036785 182
033739 119
034588 213
037361 48
036746 297
031471 359
033203 277
031567 40
037476 513
037241 146
032227 209
037644 176
032584 174
037333 412
032154 413
033266 276
035178 100
032633 304
037684 533
034575 366
036277 393
031569 40
035455 526
030360 323
030250 190
031963 46
032256 536
031688 263
036276 393
034369 47
035351 135
035845 177
032516 322
036931 502
034797 435
036469 233
037397 468
035842 177
034793 435
033721 50
037832 192
031450 262
034112 355
031748 264
032799 346
031568 40
037656 211
034241 238
031618 355
037001 151
031775 414
036449 200
034492 373
030689 45
036906 354
033860 354
036284 398
030502 196
031359 564
036007 127
033398 215
036968 68
033708 187
034119 355
030528 51
033315 425
031817 132
032646 197
033697 503
030810 236
035078 383
030090 220
030308 232
037994 212
033758 393
031061 195
032401 180
036790 185
035182 231
036736 126
033841 183
032582 174
032812 587
037594 368
033374 135
035735 93
034035 248
037029 158
035669 105
034412 354
037152 244
030498 351
030573 434
033293 428
030418 332
031893 123
030388 228
031024 226
038046 353
034827 292
037957 466
034286 44
033501 257
035436 377
034385 266
037347 209
036155 119
035717 268
036793 366
037268 165
032104 323
031624 221
031458 464
035422 173
031017 121
032913 409
030374 126
035470 268
034172 669
033509 257
036535 314
035331 73
030166 132
034238 399
032855 117
035995 342
033385 147
034501 196
037654 211
037785 130
036542 143
036153 119
033492 114
034658 341
031898 123
034565 228
031852 311
030851 105
034642 205
033952 430
031468 176
037479 513
030495 351
036268 239
036271 393
036740 130
030674 386
030433 338
030637 424
036870 236
032395 439
033155 391
037148 238
030558 260
030831 377
034139 135
035137 301
030957 393
031114 143
031855 311
034306 207
031337 130
034150 271
034853 148
034056 124
031610 246
035987 294
037668 417
036916 345
037768 577
031195 642
030970 207
036848 245
033950 240
035359 135
031782 238
032326 168
032425 174
035128 157
031616 355
037140 124
035736 93
030547 257
032071 432
036441 200
035505 300
030348 193
035743 211
033992 375
031878 345
037943 146
033669 239
032871 478
031692 361
033464 217
037676 256
030949 234
034961 161
036447 200
034723 257
035447 229
036904 354
036782 182
035823 200
030246 187
033938 421
032016 206
034381 266
030976 267
034027 189
032171 244
035593 301
030426 175
031260 120
032979 549
034341 168
035601 125
034870 324
032693 89
034311 243
031373 353
036259 107
030040 353
033594 550
034170 458
033439 124
032605 56
035215 305
032219 105
030955 393
030196 191
033360 305
034795 435
031234 379
032009 177
031601 244
033017 125
034857 148
036836 264
032389 221
037422 221
030066 270
036624 185
030708 262
036997 445
032313 528
033811 112
037012 298
033285 295
038028 127
038044 353
036010 128
030432 338
036344 460
036224 207
037903 512
034288 44
032223 209
032621 247
037308 146
036941 189
036587 224
035738 93
033436 124
030290 55
031467 176
031230 230
036582 224
033865 211
034319 243
032004 177
036861 233
030361 52
036606 166
036181 112
037377 123
035965 41
032090 356
031289 269
033013 125
035572 126
034226 511
030455 121
032951 621
033729 50
036525 159
030632 424
032155 413
030524 51
032229 209
034247 238
035122 157
030241 187
030968 205
036918 345
034359 326
034300 123
031368 220
037204 43
032841 49
034067 225
031343 302
030093 375
035874 262
037008 151
030979 267
037421 221
037720 229
030451 121
035018 119
037368 48
035483 43
032003 177
037790 134
035119 426
035753 314
035630 118
030542 257
033201 277
031273 371
034189 378
035913 368
032539 101
030685 45
032274 610
036864 233
034301 207
034941 250
037493 360
035015 119
034105 193
032347 161
036126 123
035539 374
034784 378
036739 126
031768 246
036363 235
035660 69
036115 266
035396 233
033859 350
031416 102
032994 437
033448 211
032593 325
034616 116
030099 375
037734 287
034093 392
030924 41
034420 354
036980 139
035589 228
033210 279
036773 340
037875 332
031684 263
032472 468
030220 89
035791 272
036426 328
037829 342
032269 225
035891 106
035920 371
037257 275
033518 408
035582 228
036666 167
034701 203
035154 278
037518 385
036497 111
033625 227
036697 444
035232 295
031746 264
035970 45
033606 272
031345 302
030070 273
036528 159
037893 223
031091 132
033136 390
031124 228
035680 324
036125 123
032567 193
030846 45
038041 353
030732 303
033139 390
036731 126
037724 380
036851 497
036398 433
033460 435
030988 182
032815 587
035332 73
036476 396
034256 340
036121 123
034965 161
030639 424
033907 238
031749 264
030009 263
030780 122
036163 131
035689 191
038027 127
032503 175
033247 52
030425 175
031356 564
033047 209
030676 386
036734 126
032953 621
037655 211
032245 238
031303 222
035017 119
031658 170
033505 257
030006 263
037228 343
034395 278
035394 233
035456 526
035662 105
036479 396
030816 364
036509 330
030397 251
032816 587
033976 125
031070 198
032324 168
032645 197
034874 374
034053 124
034861 323
033520 412
031785 238
033259 146
037115 360
038001 481
033756 393
037094 328
030021 206
037108 239
033999 375
037100 330
036921 236
037095 328
033301 267
034726 257
030619 119
037715 226
033074 330
033394 215
031165 53
034466 303
033218 414
034391 278
036940 504
031199 642
031040 145
036266 239
030486 190
033372 135
031111 143
030781 232
034215 191
037826 342
037964 423
032398 439
032652 331
031380 356
032303 439
035270 222
032874 478
030487 190
031696 361
031693 361
034569 228
036761 212
033508 257
032873 478
031720 486
031942 234
036050 45
033597 550
038036 281
032856 117
037885 353
034880 375
030265 160
035200 253
034962 161
030839 377
036771 340
031791 533
033616 429
030341 193
033006 47
032195 259
035284 107
030928 41
036676 309
033747 261
035979 128
035316 182
037551 350
036768 212
032252 536
036999 445
032393 439
036044 42
030253 316
031371 353
034004 194
035545 161
035392 233
036708 207
037570 228
035337 73
035035 364
037253 275
031599 441
037706 96
037195 560
030079 286
032942 268
034697 95
033695 503
037902 512
031533 433
031150 208
037023 158
031367 220
031420 105
034403 198
036049 42
034680 346
037631 268
033144 208
031130 229
034556 304
033183 243
034185 378
035856 243
035664 105
031500 121
030959 393
037093 328
037068 208
030966 205
032566 193
036991 445
037189 339
036888 45
037215 213
036837 264
035931 375
037277 312
030936 100
033216 414
036681 239
032568 193
036585 224
034010 196
032150 488
030934 100
033749 261
037343 209
032671 325
035327 43
031532 433
034552 304
030834 377
030513 344
031686 263
031760 531
030037 352
037131 124
033519 408
033683 188
035962 41
030240 338
033241 52
033541 217
035130 158
031512 528
036001 127
031900 125
033786 191
036219 358
032712 390
031312 468
036261 239
034228 511
037250 147
031347 302
034550 215
037328 223
030186 128
030943 234
030367 52
032460 98
035867 208
033707 187
030800 352
036937 502
034519 340
036420 139
034634 350
037165 372
037237 672
032811 587
037726 380
032854 117
031161 53
030951 393
030704 262
036176 171
032421 174
036700 444
033955 430
032826 212
031235 379
036745 297
036198 151
033205 277
033065 193
033652 156
035571 126
034184 378
035751 314
032120 630
030087 219
035991 342
033527 297
032717 390
037251 275
037139 124
036513 515
032909 183
035362 162
037682 533
030697 100
037844 345
030302 232
034454 120
033427 88
034151 323
034378 110
035093 146
033926 227
033679 384
036470 234
033089 42
037765 577
031263 241
032070 175
031983 341
035857 243
031141 205
034815 570
033352 302
037780 68
035690 191
033592 550
031718 483
033782 191
037118 360
036689 239
031474 359
037774 64
031637 428
036057 129
032991 437
033219 414
033081 42
032670 196
031986 341
034023 189
032388 221
035376 225
034712 408
031456 464
037569 224
036750 299
034920 286
031116 143
032743 228
036560 264
032700 89
034671 344
037426 221
037898 223
032496 326
036112 266
033751 393
031602 244
034062 225
037890 353
032062 172
032959 621
035693 298
037000 446
037895 223
033450 212
031370 224
030519 344
036889 45
034040 252
036979 135
032467 241
035495 149
031389 200
034850 77
031390 202
034269 213
031989 341
034584 213
030694 100
033177 112
036180 175
036632 245
030102 185
037359 379
037346 209
036930 240
036080 179
032900 414
030735 303
035492 149
030847 45
037419 367
036058 129
034545 215
037928 520
033677 384
035330 46
031536 433
030716 298
037547 336
037999 212
032949 268
037459 115
035152 278
030750 192
030873 358
035677 324
036957 362
033192 315
035321 43
037997 212
036693 444
032196 259
030673 386
035315 182
032019 206
032420 288
030703 262
036537 314
031522 234
037559 350
033076 330
034531 109
032915 409
031869 179
034020 235
035900 110
036629 185
030243 187
032674 325
034855 148
032791 346
037036 286
031902 221
033581 294
030801 234
036841 245
032834 511
034103 193
030643 188
037245 146
033145 208
032718 390
037658 211
033188 243
034643 205
031970 46
036070 163
031331 130
035275 282
030631 424
035628 115
035299 153
037198 560
035249 49
037781 130
036878 422
030270 162
034617 116
036166 131
032297 117
030610 43
030382 228
032221 209
033896 111
034644 205
031732 131
030349 193
037219 213
035092 146
034636 350
035510 302
033555 424
035699 298
030678 386
030078 286
036507 330
033900 111
034873 374
033107 293
033321 50
035434 377
036491 111
037182 339
035504 300
031851 311
031993 414
034629 202
033761 208
037701 96
033057 354
036989 346
033252 146
032190 172
032904 183
036684 239
036215 358
035822 200
034945 250
031220 309
037072 356
030790 236
037517 385
031469 176
035599 301
030141 292
032349 161
034389 266
035934 375
034337 361
030138 116
030098 375
033370 102
035486 43
034360 329
030055 125
034953 368
033997 375
036457 374
030496 351
035873 262
033736 119
034143 268
038030 129
030075 286
031238 379
037595 368
031896 123
036005 127
033379 135
030053 125
030398 251
030609 41
030278 295
035986 294
030482 190
035506 300
031508 326
034001 194
031147 205
031387 200
032886 194
031379 353
033776 332
034019 233
036942 189
032109 323
035811 89
034511 340
034091 392
032014 206
034668 243
033112 442
032703 250
031608 244
037069 208
036448 200
033421 88
037617 117
037160 245
035317 182
037498 360
030133 116
031196 642
031813 132
030375 126
033391 215
032564 193
033037 481
031665 318
032624 247
036549 143
030808 234
033818 112
034074 501
034201 71
032947 268
035075 383
036046 42
032944 268
036538 314
033820 114
033119 442
036885 45
032635 304
037981 375
035165 47
037039 286
031676 427
031988 341
036221 207
031557 436
037764 577
036556 260
032484 180
032728 227
031712 483
033928 227
031778 414
035844 177
036467 233
031542 237
037261 165
030324 201
033090 42
032200 260
036663 167
031561 40
034388 266
030758 318
035910 202
035180 102
035156 278
031666 318
036169 131
037031 286
033182 243
031099 132
034342 168
036440 407
035261 222
033381 147
035012 119
033794 374
031183 286
032464 241
031847 219
031975 140
037066 208
034407 198
031507 326
033084 42
032457 97
036839 264
036341 460
033411 56
032612 123
034297 122
033123 216
032822 212
030385 228
034061 225
037230 346
033500 117
035136 301
034847 74
036617 255
037797 534
032255 536
032462 241
033388 147
031811 132
037196 560
036099 180
032473 468
031941 234
032627 247
034899 324
032613 123
034720 412
031919 600
032370 41
036233 350
031148 205
030463 236
037161 372
035814 89
031920 603
033596 550
033296 428
030363 52
032005 177
035908 202
035876 262
033658 156
030276 295
034866 323
030827 211
030552 260
031689 263
031972 140
037580 310
030264 160
030925 41
031545 237
032259 536
031271 371
032836 511
033774 332
035047 255
033108 293
034358 326
033475 472
033793 374
035126 157
030187 128
030029 206
031825 314
031044 189
034333 361
035277 282
034402 198
037374 123
030972 267
032849 49
037717 226
036541 143
033078 330
033093 121
033068 193
033444 211
031110 221
031475 359
033350 292
035922 239
030260 320
033868 211
030566 301
036813 115
034434 358
030523 51
036047 42
033471 472
036936 502
030599 634
037062 208
030025 206
032085 354
033244 52
030179 199
033788 191
036021 145
030473 296
034620 120
036461 233
036401 49
036237 350
037956 466
030456 121
033650 42
034181 378
037873 332
034005 194
031683 263
030953 393
037296 79
034263 213
036033 265
036392 433
031228 230
036187 112
034692 95
031657 170
035346 84
034487 195
030506 196
030920 265
034622 202
030640 428
036670 168
034327 184
035218 305
037089 205
034881 192
032028 182
031790 241
036331 486
033858 350
036660 102
037167 372
033061 193
034963 161
037633 268
031255 116
033918 406
031095 132
031796 533
035036 364
033011 125
030962 205
032548 244
034117 355
037120 364
035361 162
032514 322
033813 112
030969 205
030509 196
037686 533
032946 268
032143 485
030094 375
034694 95
037465 324
032474 468
035870 211
036661 167
033660 158
031930 316
037504 183
037574 306
030056 125
037728 380
032651 331
036463 233
031152 341
031514 528
030782 232
036096 180
030711 298
035281 107
035694 298
037478 513
033322 50
031438 334
037394 468
034652 341
032417 286
036876 422
031526 234
032108 323
033760 394
035278 282
032709 250
030923 41
031580 128
037135 124
037856 52
035313 182
031100 133
034296 122
037536 120
033723 50
032332 266
032745 228
030880 359
035862 208
034653 341
037819 187
030076 286
030307 232
036003 127
031527 234
036695 444
036017 232
030298 115
037238 672
033424 88
030306 232
034384 266
036122 123
030733 303
030485 190
032339 266
035594 301
032354 240
037073 356
033912 406
035904 202
033334 149
031294 471
036914 345
030043 43
035820 93
036515 515
033870 211
032706 250
036674 309
030821 211
038047 353
037961 423
036381 231
030416 332
031987 341
034808 266
030895 258
036036 265
037186 339
032222 209
036596 383
031656 170
037174 627
033925 227
032101 323
033624 227
032838 511
030648 188
037439 382
030345 193
032380 116
035964 41
036056 129
036373 505
033111 442
034450 53
036008 127
035708 206
032358 240
032241 238
034592 428
032858 117
033931 421
034006 194
035222 192
032439 293
031843 219
036603 166
036832 264
032020 211
037972 207
035391 233
036350 460
032166 173
034476 323
032805 235
034368 47
033766 208
031419 102
032571 338
034305 207
033919 406
037263 165
037823 342
031699 361
034250 242
031132 423
037442 43
033864 211
036394 433
033362 101
031671 427
033383 147
033431 124
037453 115
033613 429
038008 481
031563 40
036260 108
034691 95
030259 316
031985 341
031211 308
036026 145
037865 110
035153 278
034295 122
031397 316
033936 421
037880 336
036853 497
037398 468
037567 224
034890 195
035748 211
035155 278
037578 306
030898 258
032714 390
033018 125
030137 116
033891 111
032456 97
034612 116
034013 233
034361 47
034176 669
034156 323
036965 68
037097 328
032452 97
035051 423
033220 417
037435 382
032610 59
035023 225
035591 301
036339 486
034224 511
036829 206
036766 212
036557 260
034255 340
037760 219
031123 228
030319 272
036338 486
037401 234
034097 392
033289 295
034171 669
035598 301
031631 428
031182 286
032996 437
034570 231
033058 354
033227 212
037996 212
031055 284
030974 267
036545 143
034505 196
033690 189
034131 135
036213 358
036754 421
037515 385
032970 219
031595 441
034672 344
030420 336
033282 295
030371 126
036396 433
033304 267
036375 505
037197 560
031098 132
033531 449
030881 171
037457 115
034397 278
037188 339
037408 234
034895 324
034055 124
032305 439
035367 162
030399 251
036512 515
034779 164
037561 224
037502 183
033222 212
030738 303
030190 128
036030 148
034086 256
033825 259
034217 191
034082 256
031306 222
037621 269
032562 193
032683 48
031309 222
037954 466
033426 88
035042 255
033147 208
032378 116
037207 43
030794 350
031155 341
033684 188
032192 259
033822 259
031981 341
032615 123
030870 256
035528 181
034219 191
036308 334
037486 209
036177 171
032830 215
032616 123
036171 171
035691 298
037300 83
037839 192
031672 427
036892 122
033602 272
036471 396
030491 351
030598 634
036178 171
032437 293
037310 150
038045 353
033957 430
036460 374
035259 126
032373 116
037469 324
035138 301
034080 503
030249 187
035704 206
035997 342
036696 444
031727 46
035335 73
032169 173
034725 257
035255 126
036045 42
030233 334
030338 348
034618 116
034958 368
035116 426
035397 233
037373 123
037116 360
031382 200
037840 193
034118 355
035835 336
034371 110
035034 364
035935 375
036776 340
031026 226
036444 200
037467 324
035203 166
031609 244
032053 87
037944 146
032327 168
034251 340
032835 511
031848 219
032644 197
037641 176
036749 297
036996 445
034245 238
031018 121
030454 121
035776 301
033545 217
031058 284
031491 119
034816 570
035242 49
036186 112
037775 64
032823 212
034239 399
037168 372
037205 43
035929 239
035263 222
032598 325
031027 226
030605 41
034710 206
033355 302
034307 207
036857 497
037921 520
037329 223
036208 204
030707 262
035014 119
031064 195
037480 516
038013 51
033023 395
034539 109
036879 422
036113 266
035954 544
037437 382
031138 423
036654 100
037082 205
034168 456
032962 217
031427 232
035225 192
031291 471
037562 224
032379 116
037615 117
034506 196
030532 119
032847 49
032619 123
030720 302
031415 102
033704 187
036845 245
036613 255
031640 428
034024 189
032340 270
035013 119
031758 528
033656 156
032133 292
032145 485
030965 205
036150 41
033171 112
034242 238
034089 256
031525 234
030213 89
036639 245
037449 43
035322 43
032576 338
033261 276
033007 47
034338 361
037975 207
034702 203
030630 311
035583 228
033048 209
033039 481
033686 188
031257 116
038002 481
030266 160
037905 512
033137 390
032967 217
033001 47
035286 107
031934 659
030551 260
030286 51
036657 100
035555 301
034978 326
031170 56
036223 207
037866 110
034204 71
032977 549
033328 50
035223 192
035499 149
036798 366
030470 238
036286 398
037192 560
035687 191
032889 194
036016 232
033663 239
032880 481
033637 422
031366 220
033491 114
034937 96
037210 43
032511 322
032422 174
035415 90
032687 48
030656 336
035763 210
032632 304
032407 180
034469 303
031479 359
034936 96
033478 472
030677 386
032185 172
034254 340
034076 501
034065 225
031531 433
032778 173
035940 377
033277 374
033580 185
033015 125
031020 122
036106 137
035372 225
037630 270
032344 161
037334 412
035300 156
030300 115
032076 432
033879 312
034449 50
033263 276
032541 244
032586 174
030344 193
037406 234
030359 323
031652 170
036506 330
030303 232
033750 262
030517 344
031105 217
031494 119
035176 100
033921 227
036970 69
037925 520
037497 360
037111 360
036546 143
034473 323
036430 331
037881 353
037227 343
036593 383
030850 45
036417 138
035383 158
031976 140
032825 212
030554 260
030134 116
032078 432
033059 354
037955 466
030357 323
033852 350
037638 268
037071 356
034540 109
035930 240
034458 120
036898 122
030555 260
032955 621
034289 44
036946 189
035443 229
031535 433
033413 56
034675 344
031971 140
032891 411
035037 364
030013 439
036009 127
032387 221
031177 98
031982 341
034711 408
034222 511
035177 100
030135 116
034392 278
037123 58
034095 392
036054 129
030515 344
033745 261
035103 266
036465 233
036900 123
031954 528
030392 251
030999 268
032468 241
031947 234
036787 182
030911 264
033468 217
034324 184
036651 100
034496 373
031225 230
031767 246
035963 41
030156 227
030650 191
030044 43
035041 255
033675 384
035785 209
031137 423
035703 206
033871 312
037305 146
037371 123
031128 228
031197 642
032747 228
035325 43
032611 123
030231 334
031840 443
033072 330
036069 162
031932 659
037812 187
034113 355
033248 52
030437 338
030219 89
032864 362
033696 503
031819 132
036090 106
033584 294
037269 165
034206 71
033681 188
032235 297
031314 468
037112 360
032336 266
031022 226
034227 511
036862 233
034543 215
033041 209
033937 421
035253 126
030428 175
036462 233
037181 339
034954 368
031636 428
033430 90
034321 184
033129 216
037512 385
035927 239
033610 273
034673 344
035557 301
033014 125
031590 352
033843 183
032536 101
037788 130
034375 110
031917 600
035950 242
037540 122
033639 422
031946 234
036380 509
032985 218
036146 40
036578 95
033586 294
031357 564
035118 426
035676 324
031330 41
031264 241
033087 42
034893 324
036659 100
035063 244
032759 472
036066 162
030310 236
034314 243
034422 177
037816 187
030829 211
036450 204
030633 424
031270 243
031127 228
031856 311
031573 124
033984 308
032800 347
031755 528
031477 359
037157 244
032971 549
030150 294
035994 342
034166 456
033469 217
035293 153
037278 312
034313 243
035615 150
036911 345
036701 207
031047 189
032691 89
035272 282
033086 42
037222 343
032537 101
037354 379
036758 421
031057 284
033211 414
035425 173
037897 223
035983 294
032866 362
031159 341
036571 95
034774 164
030668 166
036703 207
031232 379
034938 96
035379 225
032065 172
032328 168
035558 301
034571 366
030775 118
036149 40
030540 119
032742 228
035303 125
035169 47
030429 175
034898 324
032772 173
033349 289
033174 112
036605 166
033055 354
032982 218
031301 222
034996 371
037576 306
034294 122
033600 554
036742 297
035797 272
032030 185
030321 201
031414 102
037690 537
034134 135
030691 100
035852 243
032814 587
030848 45
036794 366
030507 196
037904 512
034108 193
033897 111
034957 368
032634 304
031543 237
037078 356
033685 188
037018 298
036275 393
033791 374
033150 213
034154 323
034867 323
037471 513
036374 505
035282 107
030629 306
032352 240
033021 395
030467 236
030309 232
036234 350
037107 239
037273 312
030608 41
036134 281
032884 194
030461 236
034845 74
032251 536
032481 180
035173 100
036715 419
033842 183
030560 260
033603 272
031237 379
032590 176
037032 286
032648 197
035117 426
035205 166
035268 222
034625 202
035580 127
033678 384
036409 49
034619 116
035145 156
031452 464
037714 226
037900 223
037813 187
034935 96
031422 232
031617 355
032097 529
031200 646
037447 43
031936 659
031210 184
037563 224
035959 544
037386 311
032863 362
031589 351
034178 669
036668 167
036850 245
035188 231
034182 378
030626 306
031378 353
032729 227
036928 236
032782 422
032542 244
036445 200
030645 188
034293 122
036692 444
034825 292
036925 236
030868 251
033578 181
036686 239
032965 217
033770 210
035064 244
032661 194
030171 199
033319 425
036386 231
037427 221
033422 88
035245 49
035813 89
033314 425
034698 95
033517 408
032565 193
030638 424
036998 445
030154 227
033574 181
030347 193
033253 146
030591 634
032902 183
034578 366
034099 392
037634 268
035765 210
034363 47
033115 442
031059 284
031440 334
033528 297
034075 501
030064 270
037589 181
036351 718
032372 116
032094 529
031125 228
031731 131
032470 244
031675 427
030063 270
034910 198
033238 364
037399 468
036871 422
035466 265
034317 243
037624 269
034859 148
035559 301
035556 301
032321 168
030909 140
037303 146
036594 383
030933 100
031766 246
032238 297
033393 215
036691 444
036431 403
037133 124
033474 472
037626 269
033630 228
032230 212
030669 166
035522 181
030408 189
035062 244
036083 102
031275 371
030431 338
030696 100
034885 192
034650 206
036508 330
035912 368
032553 283
033032 481
032793 346
036195 151
033440 125
033082 42
031763 246
034346 168
030752 318
030252 316
036204 204
036071 176
031163 53
030571 434
033284 295
035385 158
034640 352
031174 98
036713 419
030051 125
032876 478
032784 422
032532 101
035757 314
032239 297
031478 359
036510 333
032191 259
035681 191
035389 158
037815 187
030216 89
034561 228
035265 222
035530 182
035027 225
035094 146
034596 428
033516 408
031853 311
034704 203
037391 468
030942 234
033012 125
034557 304
032869 362
030887 171
031838 439
033951 430
035380 229
031268 241
031743 264
034157 323
032881 194
032560 286
037024 158
036474 396
030422 175
035907 202
033465 217
035451 526
032897 411
036579 95
035489 43
032701 250
034805 266
030492 351
034558 304
031066 195
033053 354
036053 129
036100 181
030792 350
033538 449
030700 103
036707 207
030550 260
037348 209
031251 116
033067 193
032089 354
035449 229
037149 238
033497 114
032561 193
030779 118
035977 128
033267 276
033716 378
032777 173
033390 147
031872 345
033700 506
033524 297
031762 246
036422 328
034517 340
035333 73
036552 260
037064 208
035749 211
033525 297
034960 369
034142 268
032416 286
034347 168
034894 324
033121 216
032664 194
035834 336
034493 373
037244 146
035187 231
035115 426
032253 536
031034 143
030539 119
031216 308
034984 156
032639 304
030662 166
030603 41
033634 422
035836 336
034017 233
030885 171
035621 115
033493 114
033291 428
033924 227
030499 351
030256 316
035271 282
033753 393
037027 158
034272 381
035958 544
037989 375
035039 364
031815 132
034128 44
033703 187
030894 258
034864 323
034205 71
037878 332
033673 384
033902 238
037861 110
036109 137
030932 100
034310 210
033449 211
036077 176
031039 143
030430 178
032174 244
031428 232
032653 331
034824 292
037722 380
032935 107
031080 307
037917 252
035416 90
030901 140
031430 232
036425 328
031065 195
031186 286
037795 534
030024 206
034883 192
037845 345
036540 318
031909 221
031770 248
034804 266
031698 361
034541 215
036269 239
037080 359
031682 263
034626 202
031032 143
031996 414
037488 209
037660 212
030175 199
034892 324
038050 355
035257 126
036959 362
035430 175
030751 318
036368 235
031555 436
032261 225
033262 276
037688 533
032939 107
035283 107
034461 303
033010 49
035618 150
030814 364
032972 549
031935 659
033633 422
031780 415
037663 417
035655 66
030269 160
032292 117
033344 289
035044 255
034009 194
030812 364
035366 162
037172 627
031266 241
035953 544
036081 102
034812 570
033434 124
034426 177
035706 206
036088 102
035493 149
033040 483
037834 192
033184 243
037109 239
034404 198
036527 159
030797 350
030952 393
034036 248
032494 326
030305 232
030372 126
031146 205
030956 393
033345 289
035319 182
032476 468
035744 211
035206 166
030518 344
036767 212
031814 132
034998 371
032688 48
034600 430
035076 383
033863 211
031916 600
035529 181
030888 171
033044 209
035231 295
033122 216
037883 353
032148 485
036757 421
037274 312
033020 128
036687 239
031013 121
034396 278
037520 386
030115 340
033233 364
030740 307
032997 437
034566 228
033256 146
037127 58
037125 58
035541 161
036825 206
037076 356
031154 341
037474 513
033837 528
030944 234
032775 173
036116 266
036404 49
033948 236
032106 323
031348 302
032233 297
034111 355
034349 168
032998 437
037085 205
031439 334
036628 185
037143 238
032677 325
032418 286
030739 303
031077 304
036000 344
037953 466
034748 407
030274 295
033612 429
032531 101
030323 201
035295 153
037867 110
030796 350
035147 156
031121 228
035578 126
036288 398
035906 202
036190 115
035553 301
032054 87
037357 379
035216 305
031795 533
